<?xml version="1.0"?>
<opencv_storage>
<globfeat type_id="opencv-matrix">
  <rows>1</rows>
  <cols>64</cols>
  <dt>f</dt>
  <data>
    2.93750119e+00 9.58261776e+00 0. 6.98175335e+00 0. 6.03640366e+00
    8.23145962e+00 8.98312759e+00 0. 0. 0. 0. 0. 0. 0. 0. 0. 0. 0. 0. 0.
    0. 0. 0. 0. 0. 0. 0. 0. 0. 0. 0. 1.34331884e+01 1.57804222e+01
    1.11044006e+01 4.91305161e+01 3.49825516e+01 2.33893356e+01
    1.22664890e+01 5.52914286e+00 9.87775135e+00 0. 0. 0. 0. 0. 0. 0. 0.
    4.74058294e+00 6.56211042e+00 2.54506588e+01 0. 0. 0. 0. 0. 0. 0. 0.
    0. 0. 0. 0.</data></globfeat>
</opencv_storage>
