<?xml version="1.0"?>
<opencv_storage>
<globfeat type_id="opencv-matrix">
  <rows>1</rows>
  <cols>64</cols>
  <dt>f</dt>
  <data>
    4.59735012e+00 1.63895302e+01 2.91275311e+01 0. 7.01131201e+00
    1.49543285e+01 3.00451183e+01 0. 2.95039773e+00 1.10298758e+01
    4.49853325e+00 0. 0. 0. 0. 0. 4.42794943e+00 5.20437002e+00
    1.01122885e+01 0. 0. 0. 0. 0. 0. 0. 0. 0. 0. 0. 0. 0. 6.44664240e+00
    8.99706650e+00 1.49213896e+01 2.69959049e+01 6.36664772e+00
    2.56830482e+01 7.71244335e+00 3.84916329e+00 0. 0. 0. 0. 0. 0. 0. 0.
    0. 0. 5.76433372e+00 5.15731430e+00 0. 0. 0. 0. 0. 0. 0. 0. 0. 0.
    2.75746894e+00 0.</data></globfeat>
</opencv_storage>
