<?xml version="1.0"?>
<opencv_storage>
<globfeat type_id="opencv-matrix">
  <rows>1</rows>
  <cols>64</cols>
  <dt>f</dt>
  <data>
    2.02901974e+01 6.20805979e+00 2.88099136e+01 1.54185629e+01
    4.45625839e+01 5.20574045e+00 4.86711884e+00 3.16949677e+00
    1.17208176e+01 4.24405527e+00 1.46555367e+01 0. 0. 0. 0. 0. 0. 0. 0.
    0. 0. 0. 0. 0. 0. 0. 0. 0. 0. 0. 0. 0. 2.67962437e+01 2.70445657e+00
    9.77487278e+00 0. 5.21928549e+00 0. 0. 0. 0. 0. 0. 0. 0. 0. 0. 0.
    3.45303574e+01 5.55790663e+00 5.63466072e+00 0. 5.63014603e+00 0. 0.
    0. 0. 0. 0. 0. 0. 0. 0. 0.</data></globfeat>
</opencv_storage>
