<?xml version="1.0"?>
<opencv_storage>
<globfeat type_id="opencv-matrix">
  <rows>1</rows>
  <cols>64</cols>
  <dt>f</dt>
  <data>
    3.39165382e+01 6.58223629e+00 5.67646742e+00 4.05461979e+00
    6.43996906e+00 1.04566507e+01 1.97277393e+01 9.03397751e+00 0.
    1.90116615e+01 1.96755753e+01 0. 0. 1.83572311e+01 2.98808861e+01 0.
    0. 0. 0. 0. 0. 0. 0. 0. 0. 0. 0. 0. 0. 0. 0. 0. 1.49949789e+01 0.
    3.48080802e+00 0. 2.21889648e+01 0. 0. 7.69666386e+00 2.07900028e+01
    0. 0. 0. 0. 0. 0. 0. 3.03503704e+00 0. 0. 0. 0. 0. 0. 0. 0. 0. 0. 0.
    0. 0. 0. 0.</data></globfeat>
</opencv_storage>
