<?xml version="1.0"?>
<opencv_storage>
<globfeat type_id="opencv-matrix">
  <rows>1</rows>
  <cols>64</cols>
  <dt>f</dt>
  <data>
    3.05213809e+00 0. 0. 0. 0. 0. 0. 0. 5.68850517e+00 2.88677454e+00 0.
    0. 0. 0. 0. 0. 2.90094876e+00 0. 0. 0. 5.46644545e+00 0. 0. 0. 0. 0.
    0. 0. 0. 0. 0. 0. 7.95634794e+00 4.08684111e+00 1.61820011e+01
    3.54350400e+00 3.88415298e+01 3.44097862e+01 6.57674360e+00 0.
    6.41610489e+01 0. 0. 0. 6.31688643e+00 0. 0. 0. 7.20512486e+00
    4.54985905e+00 0. 1.14998522e+01 2.48706741e+01 4.80499172e+00 0. 0.
    0. 0. 0. 0. 0. 0. 0. 0.</data></globfeat>
</opencv_storage>
