<?xml version="1.0"?>
<opencv_storage>
<globfeat type_id="opencv-matrix">
  <rows>1</rows>
  <cols>64</cols>
  <dt>f</dt>
  <data>
    1.16608639e+01 1.53262272e+01 2.36131363e+01 0. 3.24191141e+00
    6.41097069e+00 5.39104366e+00 0. 6.77978373e+00 3.37896423e+01
    8.19128990e+00 0. 1.18293343e+01 3.14948044e+01 2.83985977e+01 0. 0.
    0. 0. 0. 0. 0. 0. 0. 0. 0. 0. 0. 0. 0. 0. 0. 7.94996786e+00
    4.15256071e+00 1.66330090e+01 2.71373487e+00 6.39731121e+00 0. 0. 0.
    0. 0. 0. 0. 0. 0. 0. 0. 5.29542542e+00 2.70007515e+00 1.12419653e+01
    0. 8.98355484e+00 0. 0. 0. 2.80479980e+00 0. 0. 0. 0. 0. 0. 0.</data></globfeat>
</opencv_storage>
