<?xml version="1.0"?>
<opencv_storage>
<globfeat type_id="opencv-matrix">
  <rows>1</rows>
  <cols>64</cols>
  <dt>f</dt>
  <data>
    0. 9.01691914e+00 9.60827065e+00 0. 0. 1.15904789e+01 7.15771198e+00
    0. 0. 6.38659048e+00 8.12752724e+00 0. 0. 0. 0. 0. 0. 0. 0. 0. 0. 0.
    0. 0. 0. 0. 0. 0. 0. 0. 0. 0. 3.65218353e+00 2.76042633e+01
    1.13870535e+01 0. 2.78360729e+01 1.15384398e+01 3.94549346e+00
    4.29084253e+00 7.10141525e+01 9.22980595e+00 0. 0. 1.59806681e+01 0.
    0. 0. 0. 4.97680950e+00 5.63912249e+00 6.01758718e+00 0. 0. 0. 0. 0.
    0. 0. 0. 0. 0. 0. 0.</data></globfeat>
</opencv_storage>
