<?xml version="1.0"?>
<opencv_storage>
<globfeat type_id="opencv-matrix">
  <rows>1</rows>
  <cols>64</cols>
  <dt>f</dt>
  <data>
    0. 1.39251966e+01 1.37829161e+01 1.74730473e+01 0. 3.90584779e+00
    2.49405136e+01 4.15828228e+00 0. 0. 4.58971548e+00 0. 0. 0. 0. 0. 0.
    0. 0. 0. 0. 0. 0. 0. 0. 0. 0. 0. 0. 0. 0. 0. 3.10081177e+01
    1.21030798e+01 7.47664642e+00 9.21614838e+00 2.65974007e+01
    2.63174286e+01 4.47497272e+00 0. 0. 0. 0. 0. 0. 0. 0. 0.
    4.09402609e+00 3.34131289e+00 1.94099064e+01 2.81854439e+01 0. 0. 0.
    0. 0. 0. 0. 0. 0. 0. 0. 0.</data></globfeat>
</opencv_storage>
