<?xml version="1.0"?>
<opencv_storage>
<globfeat type_id="opencv-matrix">
  <rows>1</rows>
  <cols>64</cols>
  <dt>f</dt>
  <data>
    4.11762772e+01 1.48173609e+01 8.64923573e+00 4.58797598e+00 0.
    5.63216782e+00 1.38748159e+01 0. 3.72859693e+00 0. 0. 0.
    7.82219887e+00 0. 0. 0. 8.51524639e+00 7.66048765e+00 0. 0.
    7.77599573e+00 0. 0. 0. 0. 0. 0. 0. 0. 0. 0. 0. 6.08957958e+00
    2.88908501e+01 8.84328938e+00 0. 1.22715654e+01 8.18720436e+00 0. 0.
    2.78004551e+01 3.37283230e+00 0. 0. 7.77137518e+00 0. 0. 0.
    6.28825331e+00 9.37462616e+00 4.30151653e+00 0. 3.12795544e+00 0.
    4.44012594e+00 0. 0. 0. 0. 0. 0. 0. 0. 0.</data></globfeat>
</opencv_storage>
