<?xml version="1.0"?>
<opencv_storage>
<globfeat type_id="opencv-matrix">
  <rows>1</rows>
  <cols>64</cols>
  <dt>f</dt>
  <data>
    5.76448202e+00 5.19468164e+00 1.99905033e+01 0. 1.08926868e+01
    3.11965809e+01 1.87749271e+01 0. 1.92355175e+01 3.77825241e+01 0. 0.
    0. 4.26400757e+00 0. 0. 1.07834749e+01 0. 0. 0. 1.38461533e+01 0. 0.
    0. 0. 0. 0. 0. 0. 0. 0. 0. 2.83950615e+00 3.09591627e+00
    7.59734058e+00 0. 3.51709404e+01 1.74074059e+01 0. 0. 7.06552696e+00
    0. 0. 0. 0. 0. 0. 0. 0. 0. 0. 0. 0. 0. 0. 0. 0. 0. 0. 0. 0.
    4.09781551e+00 0. 0.</data></globfeat>
</opencv_storage>
