<?xml version="1.0"?>
<opencv_storage>
<globfeat type_id="opencv-matrix">
  <rows>1</rows>
  <cols>64</cols>
  <dt>f</dt>
  <data>
    2.39092674e+01 2.13262196e+01 3.48389554e+00 4.53182173e+00
    2.29440708e+01 1.16834593e+01 0. 0. 3.92972374e+00 0. 0. 0. 0. 0. 0.
    0. 2.02323322e+01 8.23173714e+00 0. 4.24226332e+00 3.75966549e+00 0.
    0. 0. 0. 0. 0. 0. 0. 0. 0. 0. 1.26578474e+01 8.85681629e+00
    9.07743168e+00 7.55610037e+00 2.61889668e+01 9.68412590e+00
    3.33681798e+00 5.95663404e+00 1.98646393e+01 2.71173930e+00 0. 0.
    5.91986465e+00 0. 0. 0. 0. 0. 4.56859112e+00 1.03459749e+01 0. 0. 0.
    0. 0. 0. 0. 0. 0. 0. 0. 0.</data></globfeat>
</opencv_storage>
