<?xml version="1.0"?>
<opencv_storage>
<globfeat type_id="opencv-matrix">
  <rows>1</rows>
  <cols>64</cols>
  <dt>f</dt>
  <data>
    6.57927036e+00 1.40019207e+01 5.56812143e+00 3.74805298e+01 0.
    6.92387724e+00 2.90875397e+01 1.26325626e+01 0. 0. 3.71631317e+01 0.
    0. 0. 0. 0. 0. 0. 0. 0. 0. 0. 0. 0. 0. 0. 0. 0. 0. 0. 0. 0.
    1.00570793e+01 1.37480001e+01 5.77669954e+00 4.32572317e+00
    3.43700004e+00 2.25128040e+01 0. 0. 0. 5.71775341e+00 1.11271744e+01
    8.65598011e+00 0. 0. 0. 0. 4.34386015e+00 7.15059233e+00
    2.82033515e+00 5.89005661e+00 0. 0. 0. 0. 0. 0. 0. 0. 0. 0. 0. 0.</data></globfeat>
</opencv_storage>
