<?xml version="1.0"?>
<opencv_storage>
<globfeat type_id="opencv-matrix">
  <rows>1</rows>
  <cols>64</cols>
  <dt>f</dt>
  <data>
    2.35068378e+01 3.46897912e+00 1.48274612e+01 3.51286125e+01
    8.76252174e+00 0. 8.72094917e+00 1.09658546e+01 0. 5.16420603e+00
    2.39826088e+01 4.95634460e+00 0. 0. 0. 0. 0. 0. 0. 0. 0. 0. 0. 0. 0.
    0. 0. 0. 0. 0. 0. 0. 2.56824551e+01 1.88692150e+01 6.97029257e+00
    3.92627478e+00 5.94484186e+00 1.71601295e+01 2.86848998e+00 0. 0. 0.
    0. 0. 0. 0. 0. 0. 1.82964401e+01 0. 8.43456173e+00 7.36291981e+00 0.
    0. 0. 0. 0. 0. 0. 0. 0. 0. 0. 0.</data></globfeat>
</opencv_storage>
