<?xml version="1.0"?>
<opencv_storage>
<globfeat type_id="opencv-matrix">
  <rows>1</rows>
  <cols>64</cols>
  <dt>f</dt>
  <data>
    0. 1.27959538e+01 9.74501228e+00 4.59536314e+00 0. 2.82638512e+01
    9.18125057e+00 4.76117516e+00 0. 2.15366192e+01 8.75487709e+00 0. 0.
    0. 0. 0. 0. 0. 0. 0. 0. 0. 0. 0. 0. 0. 0. 0. 0. 0. 0. 0.
    1.33076029e+01 6.49983311e+00 7.28625584e+00 1.23222046e+01
    1.39471636e+01 1.38287258e+01 5.68498516e+00 1.75666046e+01
    1.81919518e+01 1.90494366e+01 0. 0. 0. 0. 0. 0. 4.55746317e+00
    8.94437599e+00 1.41793003e+01 0. 0. 0. 0. 0. 0. 0. 0. 0. 0. 0. 0. 0.</data></globfeat>
</opencv_storage>
