<?xml version="1.0"?>
<opencv_storage>
<globfeat type_id="opencv-matrix">
  <rows>1</rows>
  <cols>64</cols>
  <dt>f</dt>
  <data>
    0. 3.27636147e+00 7.33792830e+00 2.97583370e+01 0. 5.70208406e+00
    8.45030212e+00 4.39808321e+00 0. 0. 0. 0. 0. 0. 0. 0. 0. 0. 0. 0.
    3.58016109e+00 5.37491560e+00 0. 0. 0. 0. 0. 0. 0. 0. 0. 0.
    4.96361780e+00 9.04855347e+00 8.29279327e+01 4.39808321e+00
    1.28203421e+01 1.07358093e+01 0. 0. 5.51980448e+00 0. 0. 0. 0. 0. 0.
    0. 0. 5.39828491e+00 1.74848347e+01 2.14202061e+01 5.66936731e+00 0.
    6.73500299e+00 0. 0. 0. 0. 0. 0. 0. 0. 0.</data></globfeat>
</opencv_storage>
