<?xml version="1.0"?>
<opencv_storage>
<globfeat type_id="opencv-matrix">
  <rows>1</rows>
  <cols>64</cols>
  <dt>f</dt>
  <data>
    4.22997856e+00 1.16649084e+01 4.05836754e+01 2.98695850e+00
    2.78751874e+00 1.00601139e+01 2.57230930e+01 0. 0. 1.27687845e+01
    3.82182288e+00 0. 0. 2.69475603e+00 0. 0. 6.12233734e+00
    7.11026001e+00 6.04812717e+00 0. 0. 0. 0. 0. 0. 0. 0. 0. 0. 0. 0. 0.
    6.77167654e+00 1.05424795e+01 1.38123646e+01 2.86868610e+01
    7.90801954e+00 3.32878914e+01 3.93313813e+00 7.88946676e+00 0. 0. 0.
    0. 0. 0. 0. 0. 0. 0. 5.56576157e+00 0. 0. 0. 0. 0. 0. 0. 0. 0. 0. 0.
    0. 0.</data></globfeat>
</opencv_storage>
