<?xml version="1.0"?>
<opencv_storage>
<globfeat type_id="opencv-matrix">
  <rows>1</rows>
  <cols>64</cols>
  <dt>f</dt>
  <data>
    6.61063099e+00 2.89793777e+00 2.50444775e+01 3.59788704e+01
    5.58755732e+00 1.34619856e+01 2.40769558e+01 3.36919975e+01 0. 0. 0.
    0. 0. 0. 0. 0. 0. 0. 0. 0. 0. 0. 0. 0. 0. 0. 0. 0. 0. 0. 0. 0. 0.
    1.28231430e+01 0. 4.46263885e+00 4.17562246e+00 6.62914801e+00 0. 0.
    4.53207827e+00 4.23580360e+00 0. 0. 3.39327216e+00 0. 0. 0.
    4.53207827e+00 1.98642979e+01 3.56455588e+00 1.37536306e+01
    1.95402470e+01 6.14307261e+00 0. 0. 0. 0. 0. 0. 0. 0. 0. 0.</data></globfeat>
</opencv_storage>
