<?xml version="1.0"?>
<opencv_storage>
<globfeat type_id="opencv-matrix">
  <rows>1</rows>
  <cols>64</cols>
  <dt>f</dt>
  <data>
    1.42454557e+01 2.97686529e+00 9.73258305e+00 1.78974400e+01
    1.24239950e+01 2.24646854e+01 5.78608370e+00 7.57582760e+00
    1.52332134e+01 1.22336931e+01 2.96780324e+00 0. 5.40547991e+00 0. 0.
    0. 9.95460129e+00 0. 0. 0. 1.96328125e+01 0. 0. 0. 0. 0. 0. 0. 0. 0.
    0. 0. 0. 7.93377638e+00 8.16485786e+00 3.99633980e+00 3.03123736e+00
    1.32667608e+01 0. 0. 0. 0. 0. 0. 0. 0. 0. 0. 0. 1.48208923e+01
    3.60667396e+00 1.15268574e+01 1.01177177e+01 2.00043545e+01 0. 0. 0.
    0. 0. 0. 0. 0. 0. 0.</data></globfeat>
</opencv_storage>
