<?xml version="1.0"?>
<opencv_storage>
<globfeat type_id="opencv-matrix">
  <rows>1</rows>
  <cols>64</cols>
  <dt>f</dt>
  <data>
    5.74694109e+00 0. 1.12921534e+01 4.70545483e+00 9.76276302e+00
    6.26299286e+00 2.71255627e+01 3.29334903e+00 2.24951706e+01
    1.93754025e+01 2.26218376e+01 0. 4.60599747e+01 2.80638390e+01
    1.13249922e+01 0. 3.17137313e+00 0. 0. 0. 3.84224057e+00 0. 0. 0. 0.
    0. 0. 0. 0. 0. 0. 0. 6.17385674e+00 0. 3.41063356e+00 0.
    9.88943005e+00 0. 0. 0. 4.08619261e+00 0. 0. 0. 0. 0. 0. 0.
    3.30742335e+00 0. 2.98840952e+00 0. 0. 0. 0. 0. 0. 0. 0. 0. 0. 0. 0.
    0.</data></globfeat>
</opencv_storage>
