<?xml version="1.0"?>
<opencv_storage>
<globfeat type_id="opencv-matrix">
  <rows>1</rows>
  <cols>64</cols>
  <dt>f</dt>
  <data>
    7.20057058e+00 8.07266045e+00 3.19735184e+01 9.53236198e+00
    6.89743757e+00 2.41480274e+01 2.21240330e+01 0. 0. 2.00021038e+01
    1.71713085e+01 0. 0. 7.88145351e+00 1.67749043e+01 0. 4.50968361e+00
    0. 0. 0. 0. 0. 0. 0. 0. 0. 0. 0. 0. 0. 0. 0. 2.13965149e+01
    4.29982233e+00 5.24652958e+00 9.92410278e+00 1.40653629e+01
    1.81133518e+01 0. 0. 5.66625214e+00 0. 0. 0. 0. 0. 0. 0. 0. 0. 0. 0.
    0. 0. 0. 0. 0. 0. 0. 0. 0. 0. 0. 0.</data></globfeat>
</opencv_storage>
