<?xml version="1.0"?>
<opencv_storage>
<globfeat type_id="opencv-matrix">
  <rows>1</rows>
  <cols>64</cols>
  <dt>f</dt>
  <data>
    1.19080420e+01 7.33473015e+00 6.49116745e+01 0. 7.56867123e+00
    1.53850441e+01 2.79077549e+01 0. 0. 1.90455284e+01 7.16959572e+00 0.
    0. 0. 0. 0. 0. 0. 0. 0. 0. 0. 0. 0. 0. 0. 0. 0. 0. 0. 0. 0.
    3.27975750e+00 3.16966772e+00 2.43894691e+01 1.75180340e+01
    3.98616672e+00 7.25675011e+00 6.09163332e+00 0. 0. 3.62378788e+00
    3.43113089e+00 0. 0. 0. 0. 0. 3.05957794e+00 3.30727983e+00
    1.46556997e+01 0. 0. 0. 0. 0. 0. 0. 0. 0. 0. 0. 0. 0.</data></globfeat>
</opencv_storage>
