<?xml version="1.0"?>
<opencv_storage>
<globfeat type_id="opencv-matrix">
  <rows>1</rows>
  <cols>64</cols>
  <dt>f</dt>
  <data>
    1.01420450e+01 0. 8.98849106e+00 0. 1.02758579e+01 4.27276325e+00 0.
    0. 6.70906925e+00 3.86671257e+00 0. 0. 2.71777272e+00 0. 0. 0.
    1.16508942e+01 1.07788067e+01 0. 0. 7.06897783e+00 0. 0. 0. 0. 0. 0.
    0. 0. 0. 0. 0. 1.10833454e+01 1.87890854e+01 2.48567772e+01 0.
    5.66210365e+01 3.39606237e+00 0. 0. 1.30259295e+01 0. 0. 0.
    2.88388467e+00 0. 0. 0. 1.12955990e+01 0. 0. 2.74545813e+00
    2.14653301e+01 7.14741945e+00 0. 0. 5.21867752e+00 0. 0. 0. 0. 0. 0.
    0.</data></globfeat>
</opencv_storage>
