<?xml version="1.0"?>
<opencv_storage>
<globfeat type_id="opencv-matrix">
  <rows>1</rows>
  <cols>64</cols>
  <dt>f</dt>
  <data>
    0. 2.99095798e+00 6.28749371e+00 7.18107700e+00 0. 5.01888323e+00
    6.19026423e+00 0. 0. 0. 0. 0. 0. 0. 0. 0. 0. 0. 0. 0. 3.87065148e+00
    1.60243111e+01 2.22608757e+01 0. 3.04188752e+00 1.18527126e+01 0. 0.
    0. 0. 0. 0. 0. 3.92158103e+00 1.15008354e+02 1.38389683e+01 0.
    1.26722164e+01 0. 0. 0. 3.94936085e+00 0. 0. 0. 0. 0. 0. 0.
    8.36171818e+00 3.08818722e+00 9.44050026e+00 0. 0. 0. 0. 0. 0. 0. 0.
    0. 0. 0. 0.</data></globfeat>
</opencv_storage>
