<?xml version="1.0"?>
<opencv_storage>
<globfeat type_id="opencv-matrix">
  <rows>1</rows>
  <cols>64</cols>
  <dt>f</dt>
  <data>
    1.73243294e+01 5.35522127e+00 1.84085732e+01 3.76892586e+01
    7.41057062e+00 2.32782421e+01 1.06727304e+01 1.18371134e+01
    6.80245113e+00 9.51306057e+00 6.13304853e+00 0. 0. 0. 0. 0. 0. 0. 0.
    0. 0. 0. 0. 0. 0. 0. 0. 0. 0. 0. 0. 0. 3.12545061e+00 8.45710182e+00
    0. 0. 5.97748327e+00 0. 0. 0. 0. 0. 0. 0. 0. 0. 0. 0. 0.
    1.85641384e+01 4.17198133e+00 1.61458035e+01 2.05063496e+01
    2.36270866e+01 0. 0. 0. 0. 0. 0. 0. 0. 0. 0.</data></globfeat>
</opencv_storage>
