<?xml version="1.0"?>
<opencv_storage>
<globfeat type_id="opencv-matrix">
  <rows>1</rows>
  <cols>64</cols>
  <dt>f</dt>
  <data>
    1.01476488e+01 2.37239323e+01 5.10147476e+00 3.00881023e+01 0.
    9.81584549e+00 5.11529970e+00 5.00009060e+00 0. 0. 0. 0. 0. 0. 0. 0.
    4.78810501e+00 3.16595578e+00 0. 0. 0. 0. 0. 0. 0. 0. 0. 0. 0. 0. 0.
    0. 1.66685047e+01 3.92126923e+01 7.17063665e+00 9.22597313e+00
    5.31806850e+00 8.52549934e+00 0. 0. 0. 4.35491753e+00 0. 0. 0. 0. 0.
    0. 0. 0. 5.98167515e+00 6.15955849e+01 0. 0. 0. 0. 0. 0. 0. 0. 0. 0.
    0. 0.</data></globfeat>
</opencv_storage>
