<?xml version="1.0"?>
<opencv_storage>
<globfeat type_id="opencv-matrix">
  <rows>1</rows>
  <cols>64</cols>
  <dt>f</dt>
  <data>
    4.60159588e+00 1.22693520e+01 2.42278500e+01 0. 3.03790116e+00
    1.53260927e+01 1.35127726e+01 9.22203159e+00 0. 2.15997124e+01
    3.12456360e+01 0. 0. 0. 1.08516655e+01 0. 0. 0. 0. 0. 0. 0. 0. 0. 0.
    0. 0. 0. 0. 0. 0. 0. 9.46694756e+00 0. 0. 0. 9.06189442e+00
    4.25777149e+00 0. 0. 1.16523523e+01 4.96896982e+00 0. 0.
    6.09935188e+00 0. 0. 0. 1.82368259e+01 4.18241262e+00 4.11788673e+01
    0. 0. 0. 0. 0. 0. 0. 0. 0. 0. 0. 0. 0.</data></globfeat>
</opencv_storage>
