<?xml version="1.0"?>
<opencv_storage>
<globfeat type_id="opencv-matrix">
  <rows>1</rows>
  <cols>64</cols>
  <dt>f</dt>
  <data>
    2.44039726e+01 1.50068016e+01 5.00843334e+00 4.72633314e+00 0.
    1.55987492e+01 6.67328644e+00 0. 0. 0. 0. 0. 0. 0. 0. 0.
    5.50788927e+00 2.80204029e+01 0. 0. 8.29651833e+00 0. 0. 0. 0. 0. 0.
    0. 0. 0. 0. 0. 1.48495655e+01 2.99673576e+01 5.68824816e+00
    3.56556058e+00 2.03898258e+01 2.22997837e+01 0. 0. 1.11868887e+01 0.
    0. 0. 1.09926558e+01 0. 0. 0. 0. 1.11082706e+01 1.17094669e+01 0. 0.
    0. 0. 0. 0. 0. 0. 0. 0. 0. 0. 0.</data></globfeat>
</opencv_storage>
