<?xml version="1.0"?>
<opencv_storage>
<globfeat type_id="opencv-matrix">
  <rows>1</rows>
  <cols>64</cols>
  <dt>f</dt>
  <data>
    3.38015485e+00 0. 0. 0. 7.30744028e+00 3.89019203e+00 3.39406490e+00
    0. 0. 0. 7.27498341e+00 2.99206295e+01 0. 0. 0. 0. 0. 0. 0. 0. 0. 0.
    0. 0. 0. 0. 0. 0. 0. 0. 0. 0. 1.06783218e+01 1.83984280e+01
    3.79189377e+01 2.31788673e+01 1.11790857e+01 1.80460396e+01
    8.22550678e+00 0. 3.88091850e+00 3.99219942e+00 0. 0. 0. 0. 0. 0.
    1.05299473e+01 4.31213188e+00 1.72531643e+01 0. 7.74792671e+00
    2.44910526e+01 0. 0. 0. 0. 0. 0. 0. 0. 0. 0.</data></globfeat>
</opencv_storage>
