<?xml version="1.0"?>
<opencv_storage>
<globfeat type_id="opencv-matrix">
  <rows>1</rows>
  <cols>64</cols>
  <dt>f</dt>
  <data>
    5.36635113e+00 1.17347956e+01 3.46518288e+01 0. 3.71804762e+00
    9.76338673e+00 1.56776114e+01 0. 0. 4.18631554e+00 9.41218567e+00 0.
    0. 0. 0. 0. 0. 0. 0. 0. 0. 0. 0. 0. 0. 0. 0. 0. 0. 0. 0. 0.
    3.49796176e+00 1.01380014e+01 5.54476089e+01 3.18281746e+01
    5.32888937e+00 0. 0. 0. 3.54478860e+00 3.47923088e+00 3.09056854e+00
    0. 3.09993386e+00 0. 0. 0. 0. 4.24250793e+00 3.67918129e+01 0. 0. 0.
    0. 0. 0. 0. 0. 0. 0. 0. 0. 0.</data></globfeat>
</opencv_storage>
