<?xml version="1.0"?>
<opencv_storage>
<globfeat type_id="opencv-matrix">
  <rows>1</rows>
  <cols>64</cols>
  <dt>f</dt>
  <data>
    0. 3.01655388e+00 1.99593716e+01 0. 0. 1.30106955e+01 1.83450813e+01
    0. 0. 5.74879980e+00 1.44804220e+01 0. 0. 0. 0. 0. 0. 0. 0. 0. 0. 0.
    0. 0. 0. 0. 0. 0. 0. 0. 0. 0. 6.97276926e+00 0. 2.31445827e+01
    9.84957886e+00 3.71768570e+01 0. 1.66295967e+01 3.08690796e+01
    2.47444153e+01 3.04064775e+00 0. 6.65472984e+00 6.71737385e+00 0. 0.
    0. 0. 3.67190742e+00 1.09675341e+01 0. 0. 0. 0. 0. 0. 0. 0. 0. 0. 0.
    0. 0.</data></globfeat>
</opencv_storage>
