<?xml version="1.0"?>
<opencv_storage>
<globfeat type_id="opencv-matrix">
  <rows>1</rows>
  <cols>64</cols>
  <dt>f</dt>
  <data>
    0. 5.49834967e+00 3.37101197e+00 0. 0. 1.31894941e+01 5.05418015e+00
    0. 0. 7.86413622e+00 1.57095709e+01 0. 0. 0. 0. 0. 0. 0. 0. 0. 0. 0.
    0. 0. 0. 0. 0. 0. 0. 0. 0. 0. 5.95186996e+00 9.89328957e+00
    1.68877888e+01 1.75470295e+01 3.19334435e+00 1.91507149e+01
    1.16185369e+01 3.22420235e+01 1.66119366e+01 2.58179321e+01
    5.97524738e+00 3.80115509e+00 7.63036299e+00 6.64851475e+00 0. 0. 0.
    6.57838297e+00 1.47651262e+01 0. 0. 0. 0. 0. 0. 0. 0. 0. 0. 0. 0. 0.</data></globfeat>
</opencv_storage>
