<?xml version="1.0"?>
<opencv_storage>
<globfeat type_id="opencv-matrix">
  <rows>1</rows>
  <cols>64</cols>
  <dt>f</dt>
  <data>
    2.40811310e+01 9.50061417e+00 3.09680386e+01 3.29133377e+01
    7.46312189e+00 5.34265518e+00 0. 0. 6.30608463e+00 0. 0. 0. 0. 0. 0.
    0. 9.49139500e+00 1.74431458e+01 0. 0. 1.21235399e+01 5.23663187e+00
    0. 0. 0. 0. 0. 0. 0. 0. 0. 0. 5.03380442e+00 8.64781761e+00 0. 0.
    1.21972952e+01 7.81346035e+00 0. 0. 3.02397037e+00 0. 0. 0. 0. 0. 0.
    0. 5.49938536e+00 5.75752926e+00 0. 5.47633648e+00 2.75199738e+01
    1.31607246e+01 0. 0. 0. 0. 0. 0. 0. 0. 0. 0.</data></globfeat>
</opencv_storage>
