<?xml version="1.0"?>
<opencv_storage>
<globfeat type_id="opencv-matrix">
  <rows>1</rows>
  <cols>64</cols>
  <dt>f</dt>
  <data>
    0. 1.05057917e+01 6.52548075e+00 0. 0. 1.51502619e+01 8.14640045e+00
    0. 0. 8.18355656e+00 0. 0. 0. 0. 0. 0. 0. 0. 0. 0. 0. 0. 0. 0. 0. 0.
    0. 0. 0. 0. 0. 0. 2.69379282e+00 1.31902952e+01 3.15173759e+01
    5.31791840e+01 9.71623230e+00 1.14114637e+01 3.91528845e+00
    1.29952278e+01 7.45901918e+00 2.19033222e+01 0. 0. 3.33472967e+00
    2.06168041e+01 0. 0. 0. 3.49264169e+00 7.87237692e+00 3.19075108e+00
    0. 0. 0. 0. 0. 0. 0. 0. 0. 0. 0. 0.</data></globfeat>
</opencv_storage>
