<?xml version="1.0"?>
<opencv_storage>
<globfeat type_id="opencv-matrix">
  <rows>1</rows>
  <cols>64</cols>
  <dt>f</dt>
  <data>
    5.29997063e+00 2.80033898e+00 0. 0. 2.85672164e+00 1.98044109e+01
    9.70251656e+00 0. 4.79722500e+00 5.22009506e+01 3.20864334e+01 0.
    6.87868500e+00 5.12941284e+01 1.23712969e+01 0. 0. 0. 0. 0. 0. 0. 0.
    0. 0. 0. 0. 0. 0. 0. 0. 0. 0. 3.56150508e+00 2.55366497e+01 0.
    9.83407688e+00 0. 2.90370727e+00 6.60147047e+00 3.22320914e+00 0. 0.
    0. 0. 0. 0. 0. 0. 0. 0. 0. 3.24670172e+00 0. 0. 0. 0. 0. 0. 0. 0. 0.
    0. 0.</data></globfeat>
</opencv_storage>
