<?xml version="1.0"?>
<opencv_storage>
<globfeat type_id="opencv-matrix">
  <rows>1</rows>
  <cols>64</cols>
  <dt>f</dt>
  <data>
    2.85260124e+01 2.62442951e+01 4.79160309e+00 1.69759655e+01 0.
    3.73745060e+00 2.28034687e+01 4.43109226e+00 0. 0. 2.51992702e+01 0.
    0. 0. 4.44021893e+00 0. 0. 0. 0. 0. 0. 0. 0. 0. 0. 0. 0. 0. 0. 0. 0.
    0. 1.56525707e+01 9.00365067e+00 0. 0. 4.18923044e+00 1.20839672e+01
    0. 0. 0. 1.42059631e+01 1.23714638e+01 5.95071507e+00 0. 0.
    2.79282022e+00 0. 1.08746576e+01 7.34256172e+00 0. 2.33830242e+01 0.
    0. 0. 0. 0. 0. 0. 0. 0. 0. 0. 0.</data></globfeat>
</opencv_storage>
