<?xml version="1.0"?>
<opencv_storage>
<globfeat type_id="opencv-matrix">
  <rows>1</rows>
  <cols>64</cols>
  <dt>f</dt>
  <data>
    2.35983295e+01 0. 2.87219572e+00 3.83577085e+00 1.58434019e+01
    9.34390068e+00 4.17858124e+00 0. 1.14378242e+01 1.04279232e+01 0. 0.
    7.21754980e+00 0. 0. 0. 2.83976769e+00 0. 0. 0. 1.92946682e+01 0. 0.
    0. 6.89326954e+00 0. 0. 0. 0. 0. 0. 0. 5.13752413e+00 8.36179543e+00
    1.44397316e+01 0. 2.82494335e+01 2.24216557e+01 0. 0. 5.64710712e+00
    0. 0. 0. 3.10845685e+00 0. 0. 0. 8.00971985e+00 5.80461454e+00 0.
    7.73639774e+00 2.22687817e+01 0. 0. 0. 6.03161097e+00 0. 0. 0. 0. 0.
    0. 0.</data></globfeat>
</opencv_storage>
