<?xml version="1.0"?>
<opencv_storage>
<globfeat type_id="opencv-matrix">
  <rows>1</rows>
  <cols>64</cols>
  <dt>f</dt>
  <data>
    3.85856462e+00 9.38142586e+00 1.77958870e+01 5.46707487e+00 0.
    1.14222813e+01 7.17507095e+01 1.57736263e+01 0. 2.69820595e+01
    5.67162514e+00 0. 0. 0. 0. 0. 4.12819910e+00 2.06967831e+01 0. 0. 0.
    0. 0. 0. 0. 0. 0. 0. 0. 0. 0. 0. 1.64756069e+01 2.20263615e+01 0.
    6.11791706e+00 4.96034765e+00 0. 0. 3.17518044e+00 0. 0. 0. 0. 0. 0.
    0. 0. 0. 0. 0. 5.58794546e+00 0. 3.72839618e+00 0. 0. 0. 0. 0. 0. 0.
    0. 0. 0.</data></globfeat>
</opencv_storage>
