<?xml version="1.0"?>
<opencv_storage>
<globfeat type_id="opencv-matrix">
  <rows>1</rows>
  <cols>64</cols>
  <dt>f</dt>
  <data>
    4.28469896e+00 2.70047569e+01 2.05823555e+01 0. 1.50150356e+01
    1.48384428e+01 1.24683809e+01 0. 5.62308645e+00 7.76078892e+00
    1.14181185e+01 0. 0. 0. 0. 0. 0. 0. 3.62015247e+00 0. 0. 0. 0. 0. 0.
    0. 0. 0. 0. 0. 0. 0. 0. 7.13806725e+00 2.84825611e+01 2.18092117e+01
    4.16851950e+00 0. 0. 0. 0. 3.74097919e+00 3.71309614e+00 0.
    3.66662431e+00 0. 0. 0. 0. 8.50898457e+00 5.11561470e+01 0. 0. 0. 0.
    0. 0. 0. 0. 0. 0. 0. 0. 0.</data></globfeat>
</opencv_storage>
