<?xml version="1.0"?>
<opencv_storage>
<globfeat type_id="opencv-matrix">
  <rows>1</rows>
  <cols>64</cols>
  <dt>f</dt>
  <data>
    7.45757818e+00 0. 0. 0. 1.43586206e+01 3.98386788e+00 0. 0.
    1.74427567e+01 0. 0. 0. 5.07375050e+00 0. 0. 0. 5.28245115e+00 0. 0.
    0. 0. 0. 0. 0. 0. 0. 0. 0. 0. 0. 0. 0. 6.35239105e+01 5.17995605e+01
    9.19211483e+00 0. 1.30090218e+01 3.18616676e+00 0. 0. 4.90678978e+00
    0. 0. 0. 3.15370226e+00 0. 0. 0. 2.38290024e+01 2.92181230e+00 0.
    3.99778128e+00 1.43076048e+01 0. 0. 0. 7.57352304e+00 0. 0. 0. 0. 0.
    0. 0.</data></globfeat>
</opencv_storage>
