<?xml version="1.0"?>
<opencv_storage>
<globfeat type_id="opencv-matrix">
  <rows>1</rows>
  <cols>64</cols>
  <dt>f</dt>
  <data>
    5.03498983e+00 9.51261806e+00 4.15211029e+01 0. 9.09576797e+00
    3.23738136e+01 3.73338661e+01 0. 8.28548622e+00 3.62331924e+01 0. 0.
    3.56898832e+00 7.54545927e+00 0. 0. 8.19181156e+00 0. 0. 0.
    1.12268562e+01 0. 0. 0. 0. 0. 0. 0. 0. 0. 0. 0. 0. 5.33474731e+00
    5.96236467e+00 0. 2.36480598e+01 3.86874580e+00 0. 0. 3.06783104e+00
    3.19429135e+00 0. 0. 0. 0. 0. 0. 0. 0. 0. 0. 0. 0. 0. 0. 0. 0. 0. 0.
    0. 0. 0. 0.</data></globfeat>
</opencv_storage>
