<?xml version="1.0"?>
<opencv_storage>
<globfeat type_id="opencv-matrix">
  <rows>1</rows>
  <cols>64</cols>
  <dt>f</dt>
  <data>
    1.73351040e+01 4.61394167e+00 2.24742107e+01 5.82557030e+01
    7.50234413e+00 1.80384483e+01 3.83088446e+00 9.30759621e+00
    3.06189418e+00 5.02657080e+00 0. 0. 0. 0. 0. 0. 4.67020941e+00 0. 0.
    0. 0. 0. 0. 0. 0. 0. 0. 0. 0. 0. 0. 0. 5.42513275e+00 9.35448551e+00
    0. 4.86245680e+00 3.33854318e+00 3.66208172e+00 0. 0. 0. 0. 0. 0. 0.
    0. 0. 0. 3.77461696e+00 1.13144732e+01 3.96686459e+00 2.12316341e+01
    2.60987797e+01 5.12503910e+00 0. 0. 2.72897768e+00 0. 0. 0. 0. 0. 0.
    0.</data></globfeat>
</opencv_storage>
