<?xml version="1.0"?>
<opencv_storage>
<globfeat type_id="opencv-matrix">
  <rows>1</rows>
  <cols>64</cols>
  <dt>f</dt>
  <data>
    0. 5.80252457e+00 0. 6.64627123e+00 4.70424032e+00 9.54517651e+00
    8.30076885e+00 0. 0. 0. 0. 0. 0. 0. 0. 0. 0. 0. 5.10018826e+00
    3.60124207e+00 5.86380243e+00 0. 0. 0. 0. 0. 0. 0. 0. 0. 0. 0.
    1.20057116e+01 7.34389400e+00 1.56305218e+01 5.10537338e+01
    3.82372704e+01 8.46103287e+00 4.21401882e+00 0. 2.06034412e+01 0. 0.
    0. 0. 0. 0. 0. 0. 7.53244066e+00 6.63684368e+00 3.03513050e+01 0.
    3.36555862e+00 0. 0. 0. 0. 0. 0. 0. 0. 0. 0.</data></globfeat>
</opencv_storage>
