<?xml version="1.0"?>
<opencv_storage>
<globfeat type_id="opencv-matrix">
  <rows>1</rows>
  <cols>64</cols>
  <dt>f</dt>
  <data>
    0. 0. 0. 0. 0. 1.00129337e+01 4.12701416e+00 0. 0. 0. 0. 0. 0. 0. 0.
    0. 0. 0. 0. 0. 0. 0. 0. 0. 0. 0. 0. 0. 0. 0. 0. 0. 3.99876070e+00
    4.24656487e+01 2.52384548e+01 0. 8.39144325e+00 4.75912094e+00
    1.21291161e+01 0. 4.50765228e+01 3.29336643e+00 0. 0. 5.32251978e+00
    0. 0. 0. 7.02187872e+00 1.59538183e+01 1.49094687e+01 4.27358961e+00
    3.43444519e+01 6.42183542e+00 7.26006365e+00 0. 0. 0. 0. 0. 0. 0. 0.
    0.</data></globfeat>
</opencv_storage>
