<?xml version="1.0"?>
<opencv_storage>
<globfeat type_id="opencv-matrix">
  <rows>1</rows>
  <cols>64</cols>
  <dt>f</dt>
  <data>
    1.09508343e+01 0. 1.70682297e+01 2.08270550e+01 1.01599922e+01
    2.60791740e+01 1.82358837e+01 1.27279024e+01 0. 5.10790825e+00 0. 0.
    0. 0. 0. 0. 0. 0. 0. 0. 0. 0. 0. 0. 0. 0. 0. 0. 0. 0. 0. 0. 0.
    3.46574831e+00 1.03135090e+01 8.15497589e+00 6.58724785e+00
    4.61014318e+00 0. 0. 8.86673355e+00 0. 0. 0. 3.21919179e+00 0. 0. 0.
    4.89856768e+00 1.12159986e+01 0. 3.71556129e+01 2.88471222e+01
    6.50816345e+00 0. 0. 0. 0. 0. 0. 0. 0. 0. 0.</data></globfeat>
</opencv_storage>
