<?xml version="1.0"?>
<opencv_storage>
<globfeat type_id="opencv-matrix">
  <rows>1</rows>
  <cols>64</cols>
  <dt>f</dt>
  <data>
    1.55219402e+01 5.56709719e+00 6.81609583e+00 0. 6.14748716e+00 0. 0.
    0. 5.23279285e+00 4.05808449e+00 0. 0. 4.29488325e+00 0. 0. 0.
    5.44637632e+00 0. 0. 0. 4.40631819e+00 0. 0. 0. 0. 0. 0. 0. 0. 0. 0.
    0. 1.14406404e+01 3.01059704e+01 1.74163322e+01 0. 4.72901459e+01
    5.12600136e+00 0. 0. 4.19923515e+01 0. 0. 0. 5.56245422e+00 0. 0. 0.
    5.42316055e+00 0. 0. 0. 1.87303352e+01 6.53750896e+00 0. 0.
    7.88401270e+00 0. 0. 0. 0. 0. 0. 0.</data></globfeat>
</opencv_storage>
