<?xml version="1.0"?>
<opencv_storage>
<globfeat type_id="opencv-matrix">
  <rows>1</rows>
  <cols>64</cols>
  <dt>f</dt>
  <data>
    0. 0. 3.59096575e+00 8.47560024e+00 0. 4.13421440e+00 3.27790713e+00
    3.43443656e+00 0. 0. 0. 0. 0. 0. 0. 0. 0. 0. 0. 0. 0. 3.45285177e+00
    0. 0. 0. 0. 0. 0. 0. 0. 0. 0. 2.66099763e+00 2.07447319e+01
    6.74457016e+01 5.39105225e+00 8.42956161e+00 1.44421272e+01 0. 0.
    1.58002491e+01 8.37431622e+00 0. 0. 6.75838184e+00 0. 0. 0.
    3.00167894e+00 4.47949934e+00 2.35116177e+01 1.37055197e+01
    2.04961281e+01 0. 1.33924608e+01 0. 0. 0. 0. 0. 0. 0. 0. 0.</data></globfeat>
</opencv_storage>
