<?xml version="1.0"?>
<opencv_storage>
<globfeat type_id="opencv-matrix">
  <rows>1</rows>
  <cols>64</cols>
  <dt>f</dt>
  <data>
    4.67473507e+00 1.67008305e+01 1.14364891e+01 0. 1.15768709e+01
    1.64107056e+01 2.43844280e+01 0. 3.61250806e+00 6.71495962e+00
    9.26056099e+00 0. 0. 0. 0. 0. 0. 0. 6.27041531e+00 0. 0. 0. 0. 0. 0.
    0. 0. 0. 0. 0. 0. 0. 0. 1.53999529e+01 4.27324142e+01 3.26950684e+01
    4.65133810e+00 5.25030279e+00 3.35981965e+00 0. 0. 5.98965073e+00
    2.99014592e+00 0. 0. 0. 0. 0. 0. 5.29241753e+00 2.55963974e+01 0. 0.
    0. 0. 0. 0. 0. 0. 0. 0. 0. 0. 0.</data></globfeat>
</opencv_storage>
