<?xml version="1.0"?>
<opencv_storage>
<globfeat type_id="opencv-matrix">
  <rows>1</rows>
  <cols>64</cols>
  <dt>f</dt>
  <data>
    3.77082992e+00 2.86317787e+01 3.86225815e+01 1.56896839e+01 0.
    1.06350670e+01 2.59220867e+01 1.26578608e+01 0. 0. 0. 0. 0. 0. 0. 0.
    0. 0. 0. 0. 0. 0. 0. 0. 0. 0. 0. 0. 0. 0. 0. 0. 1.31315832e+01
    1.05213737e+01 8.35646248e+00 0. 1.13314390e+01 0. 0. 0.
    6.39051437e+00 0. 0. 0. 0. 0. 0. 0. 7.23847771e+00 1.18004236e+01
    1.08387671e+01 1.52159615e+01 2.14548855e+01 0. 0. 2.79022455e+00 0.
    0. 0. 0. 0. 0. 0. 0.</data></globfeat>
</opencv_storage>
