<?xml version="1.0"?>
<opencv_storage>
<globfeat type_id="opencv-matrix">
  <rows>1</rows>
  <cols>64</cols>
  <dt>f</dt>
  <data>
    5.80146980e+01 0. 2.81328249e+00 0. 8.91181278e+00 4.64561796e+00 0.
    0. 1.45846491e+01 0. 0. 0. 1.14798584e+01 0. 0. 0. 0. 0. 0. 0.
    1.23127384e+01 0. 0. 0. 1.84621677e+01 0. 0. 0. 1.02675562e+01 0. 0.
    0. 3.47495914e+00 1.43023958e+01 0. 0. 2.15484486e+01 1.83603706e+01
    0. 0. 7.73652697e+00 0. 0. 0. 3.10479045e+00 0. 0. 0. 4.63636351e+00
    5.16848135e+00 3.96080565e+00 1.09060974e+01 1.42329893e+01
    6.07539463e+00 0. 0. 0. 0. 0. 0. 0. 0. 0. 0.</data></globfeat>
</opencv_storage>
