<?xml version="1.0"?>
<opencv_storage>
<globfeat type_id="opencv-matrix">
  <rows>1</rows>
  <cols>64</cols>
  <dt>f</dt>
  <data>
    1.99730320e+01 3.34165077e+01 1.33925362e+01 7.85399055e+00
    4.90874434e+00 2.31174068e+01 6.99727583e+00 0. 8.54862404e+00
    3.45186577e+01 2.99155545e+00 0. 1.97692719e+01 2.29136467e+01 0. 0.
    0. 0. 0. 0. 0. 0. 0. 0. 0. 0. 0. 0. 0. 0. 0. 0. 7.35848522e+00
    6.26559496e+00 0. 0. 1.43187141e+01 0. 5.67284107e+00 0. 0. 0. 0. 0.
    0. 0. 0. 0. 3.61209464e+00 3.29719424e+00 0. 0. 1.02203760e+01 0. 0.
    0. 5.85344601e+00 0. 0. 0. 0. 0. 0. 0.</data></globfeat>
</opencv_storage>
