<?xml version="1.0"?>
<opencv_storage>
<globfeat type_id="opencv-matrix">
  <rows>1</rows>
  <cols>64</cols>
  <dt>f</dt>
  <data>
    1.22960005e+01 7.14212561e+00 1.54891129e+01 3.75706024e+01 0.
    3.74285865e+00 1.55349245e+01 9.26781273e+00 0. 0. 9.61140442e+00 0.
    0. 0. 0. 0. 0. 0. 0. 0. 0. 0. 0. 0. 0. 0. 0. 0. 0. 0. 0. 0.
    3.42446365e+01 9.51519871e+00 7.56359816e+00 5.97849512e+00
    8.47068024e+00 2.83440228e+01 3.25266790e+00 0. 0. 0. 0. 0. 0. 0. 0.
    0. 1.22135391e+01 0. 1.64603310e+01 1.83019829e+01 0. 0. 0. 0. 0. 0.
    0. 0. 0. 0. 0. 0.</data></globfeat>
</opencv_storage>
