<?xml version="1.0"?>
<opencv_storage>
<globfeat type_id="opencv-matrix">
  <rows>1</rows>
  <cols>64</cols>
  <dt>f</dt>
  <data>
    0. 0. 0. 5.66987944e+00 0. 0. 8.13209820e+00 4.89733028e+00 0. 0. 0.
    0. 0. 0. 0. 0. 0. 0. 0. 0. 0. 0. 0. 0. 0. 0. 0. 0. 0. 0. 0. 0.
    5.02834749e+00 1.51121492e+01 1.57536812e+01 5.02382946e+00
    6.67057953e+01 2.25168762e+01 5.15032864e+00 4.29645872e+00
    3.31608891e+00 5.03738308e+00 0. 0. 0. 0. 0. 0. 0. 4.96057987e+00
    6.37466145e+00 5.21990356e+01 3.79949689e+00 8.76459503e+00 0. 0.
    8.00108147e+00 4.26031590e+00 0. 0. 0. 0. 0. 0.</data></globfeat>
</opencv_storage>
