<?xml version="1.0"?>
<opencv_storage>
<globfeat type_id="opencv-matrix">
  <rows>1</rows>
  <cols>64</cols>
  <dt>f</dt>
  <data>
    5.73102379e+00 1.95625839e+01 4.24678726e+01 0. 4.71551847e+00
    1.34648504e+01 2.83119164e+01 0. 2.81614709e+00 1.48141556e+01
    4.44753790e+00 0. 0. 3.20636439e+00 0. 0. 1.44380426e+01
    1.87069263e+01 0. 0. 0. 3.50725484e+00 0. 0. 0. 0. 0. 0. 0. 0. 0. 0.
    5.04931879e+00 8.11934185e+00 9.36051559e+00 9.96229649e+00
    3.33330274e+00 2.70143261e+01 6.71832085e+00 6.02721310e+00 0. 0. 0.
    0. 0. 0. 0. 0. 0. 0. 3.22517014e+00 0. 0. 0. 0. 0. 0. 0. 0. 0. 0. 0.
    0. 0.</data></globfeat>
</opencv_storage>
