<?xml version="1.0"?>
<opencv_storage>
<globfeat type_id="opencv-matrix">
  <rows>1</rows>
  <cols>64</cols>
  <dt>f</dt>
  <data>
    3.69422722e+00 0. 6.01658058e+00 0. 2.04048691e+01 2.21747265e+01
    2.34248657e+01 0. 9.66866779e+00 3.26487274e+01 1.40979948e+01 0. 0.
    1.80263309e+01 3.28219676e+00 0. 0. 0. 0. 0. 0. 0. 0. 0. 0. 0. 0. 0.
    0. 0. 0. 0. 0. 0. 4.64470625e+00 2.31111603e+01 6.85468769e+00 0.
    3.46011901e+00 2.13787594e+01 2.06670704e+01 3.84873867e+00 0. 0.
    1.37889719e+01 0. 0. 0. 0. 0. 3.80659914e+00 0. 0. 0. 0. 0. 0. 0. 0.
    0. 0. 0. 0. 0.</data></globfeat>
</opencv_storage>
