<?xml version="1.0"?>
<opencv_storage>
<globfeat type_id="opencv-matrix">
  <rows>1</rows>
  <cols>64</cols>
  <dt>f</dt>
  <data>
    1.45149069e+01 4.56235008e+01 0. 0. 2.67545776e+01 3.69794312e+01 0.
    0. 1.16914215e+01 4.55960894e+00 0. 0. 0. 0. 0. 0. 6.15866995e+00
    6.72062588e+00 0. 0. 3.49965978e+00 0. 0. 0. 0. 0. 0. 0. 0. 0. 0. 0.
    6.14496374e+00 6.00790119e+00 1.31671267e+01 0. 2.27066689e+01
    1.58900995e+01 4.78804636e+00 0. 1.77267361e+01 4.33117151e+00 0. 0.
    3.70525336e+00 0. 0. 0. 0. 4.02963448e+00 0. 0. 0. 0. 0. 0. 0. 0. 0.
    0. 0. 0. 0. 0.</data></globfeat>
</opencv_storage>
