<?xml version="1.0"?>
<opencv_storage>
<globfeat type_id="opencv-matrix">
  <rows>1</rows>
  <cols>64</cols>
  <dt>f</dt>
  <data>
    0. 3.03913617e+00 8.34466648e+00 0. 0. 9.72052383e+00 2.85113373e+01
    0. 0. 1.12141762e+01 4.59498520e+01 0. 0. 2.95432305e+00
    7.52480650e+00 0. 0. 0. 0. 0. 0. 0. 0. 0. 0. 0. 0. 0. 0. 0. 0. 0. 0.
    0. 1.04555702e+01 1.75987186e+01 6.69081116e+00 2.91191649e+00
    8.16090488e+00 4.21945190e+01 3.53906212e+01 5.52698708e+00 0.
    3.45848966e+00 0. 0. 0. 0. 0. 0. 5.35264921e+00 0. 0. 0. 0. 0. 0. 0.
    0. 0. 0. 0. 0. 0.</data></globfeat>
</opencv_storage>
