<?xml version="1.0"?>
<opencv_storage>
<globfeat type_id="opencv-matrix">
  <rows>1</rows>
  <cols>64</cols>
  <dt>f</dt>
  <data>
    0. 0. 0. 0. 3.11815596e+00 5.03093529e+00 0. 0. 2.92268944e+00
    3.15073371e+00 0. 0. 0. 0. 0. 0. 0. 0. 0. 0. 5.34740496e+00 0. 0. 0.
    0. 0. 0. 0. 0. 0. 0. 0. 3.46254945e+00 2.78772449e+00 9.51270294e+00
    5.83141708e+00 2.10778046e+01 1.26262045e+01 1.79177628e+01 0.
    6.71846237e+01 0. 0. 0. 3.58355236e+00 0. 0. 0. 8.61914158e+00
    4.23976135e+00 8.96353531e+00 3.13723717e+01 3.14375286e+01
    6.81340361e+00 0. 0. 0. 0. 0. 0. 0. 0. 0. 0.</data></globfeat>
</opencv_storage>
