<?xml version="1.0"?>
<opencv_storage>
<globfeat type_id="opencv-matrix">
  <rows>1</rows>
  <cols>64</cols>
  <dt>f</dt>
  <data>
    3.11494660e+00 1.10098858e+01 4.09713697e+00 0. 1.28713703e+01
    1.13840542e+01 6.86597824e+00 0. 4.68224182e+01 9.01744270e+00 0. 0.
    2.43583202e+01 0. 0. 0. 0. 0. 0. 0. 0. 0. 0. 0. 0. 0. 0. 0. 0. 0. 0.
    0. 0. 3.66216698e+01 1.07386141e+01 0. 3.21784258e+00 8.16621113e+00
    0. 0. 6.86130095e+00 4.04101181e+00 0. 0. 0. 0. 0. 0. 0.
    2.15333538e+01 2.86191559e+01 0. 0. 5.65928698e+00 0. 0. 0. 0. 0. 0.
    0. 0. 0. 0.</data></globfeat>
</opencv_storage>
